0.50000000 313.94017900
0.50000000 313.94017900
0.40000000 62896.99435268
0.49000000 277.02256403
0.40000000 457.60377471
0.45361125 240.11455430
0.40000000 325.06467028
0.42953791 226.90998279
0.40000000 260.16445931
0.41343274 221.81719058
0.40000000 182.10794290
0.40000000 164.01972140
0.40000000 146.94583150
0.40000000 138.57185899
0.40000000 132.94729008
0.40000000 129.43097875
0.40000000 127.95497747
0.40000000 127.25413003
0.40000000 126.79867394
0.40000000 126.28195430
0.40000000 126.01640312
0.40000000 125.77671652
0.40000000 125.52938126
0.40000000 125.33515766
0.40000000 125.20601680
0.40000000 125.07661473
0.40000000 124.97046496
0.40000000 124.88202609
0.40000000 124.79443439
0.40000000 124.69476013
0.40000043 124.60377612
0.40000261 124.50434610
0.40000019 124.40012615
0.40000578 124.32464853
0.40004047 124.17829972
0.39999799 124.12064359
0.39997888 123.98420753
0.39977075 123.99302473
0.39988798 123.97090981
0.40001894 123.94805206
0.40008395 123.74027190
0.40000000 123.71706197
0.40000000 123.55490147
0.40000000 123.49877700
0.40000000 123.38446103
0.40000000 123.31930383
0.40000000 123.26478606
0.40000000 123.23555888
0.40000000 123.20126013
0.40000000 123.17463676
0.40000000 123.14543445
0.40000000 123.12393589
0.40000000 123.09619334
0.40000000 123.03833753
0.40000000 122.97994965
0.40000000 122.91703775
0.40000000 122.85040934
0.40000000 122.79779620
0.40000001 122.74264454
0.40000001 122.70092550
0.40000006 122.67752160
0.40000058 122.64863335
0.40000040 122.60601381
0.40000000 122.58657069
0.40000000 122.56406291
0.40000721 122.53022604
0.40000000 122.52042318
0.40000523 122.46595323
0.39997792 122.40892324
0.40000210 122.35283512
0.40000000 122.27085460
0.40000000 122.17520278
0.40000000 121.98430450
0.40000000 121.84195861
0.40000000 121.65318951
0.40000000 121.56034662
0.40000000 121.45349662
0.40000000 121.35918990
0.40000000 121.32452341
0.40000000 121.26931841
0.40000000 121.24569731
0.40000000 121.17184320
0.40000000 121.11513177
0.40000000 121.02166556
0.50000000 313.94017900
0.50000000 313.94017900
0.50000000 313.94017900
0.50000000 313.94017900
0.50000000 313.94018000
0.50000100 313.94017900
0.50000000 313.94017900
0.50000000 313.94017900
0.50000000 313.94017900
0.50000000 313.94017900
0.50000000 313.94017900
0.50000000 313.94017900
0.50000000 313.94017900
0.50000000 313.94017900
0.50000000 313.94018000
0.50000100 313.94017900
0.50000000 313.94017900
0.50000000 313.94017900
0.50000000 313.94017900
0.50000000 313.94017900
0.50000000 313.94018000
0.50000100 313.94017900
0.50000000 313.94017900
0.50000000 313.94017900
0.50000000 313.94017900
0.50000000 313.94017900
0.50000000 313.94018000
0.50000100 313.94017900
0.50000000 313.94017900
0.50000000 313.94017900
0.50000000 313.94017900
0.50000000 313.94017900
0.50000000 313.94018000
0.50000100 313.94017900
0.50000000 541.25060977
0.50000000 541.25060977
0.50000000 541.25060977
0.50000000 541.25060977
0.50000000 541.25061077
0.50000100 541.25060977
0.50000000 541.25060760
0.50000000 541.25060760
0.50000000 541.25060760
0.50000000 541.25060760
0.50000000 541.25060860
0.50000100 541.25060760
0.50000000 5412.50607598
0.50000000 5412.50607598
0.50000000 5412.50607598
0.50000000 5412.50607598
0.50000000 5412.50607698
0.50000100 5412.50607598
0.50000000 541.25060760
0.50000000 541.25060760
0.50000000 541.25060760
0.50000000 541.25060760
0.50000000 541.25060860
0.50000100 541.25060760
0.50000000 541.25060760
0.50000000 541.25060760
0.50000000 541.25060760
0.50000000 541.25060760
0.50000000 541.25060860
0.50000100 541.25060760
0.50000000   nan
0.50000000   nan
0.50000000   nan
0.50000000   nan
0.50000000   nan
0.50000000   nan
0.50000000   nan
0.50000000   nan
0.50000000   nan
0.50000100   nan
0.50000000   nan
0.50000000   nan
0.50000000   nan
0.50000000   nan
0.50000000   nan
0.50000100   nan
0.50000000   nan
0.50000000   nan
0.50000000   nan
0.50000000   nan
0.50000000   nan
0.50000100   nan
0.50000000   nan
0.50000000   nan
0.50000000   nan
0.50000000   nan
0.50000000   nan
0.50000100   nan
0.50000000   nan
0.50000000   nan
0.50000000   nan
0.50000000   nan
0.50000000   nan
0.50000100   nan
0.50000000   nan
0.50000000   nan
0.50000000   nan
0.50000000   nan
0.50000000   nan
0.50000100   nan
0.50000000   nan
0.50000000   nan
0.50000000   nan
0.50000000   nan
0.50000000   nan
0.50000100   nan
0.50000000   nan
0.50000000   nan
0.50000000   nan
0.50000000   nan
0.50000000   nan
0.50000100   nan
0.50000000   nan
0.50000000   nan
0.50000000   nan
0.50000000   nan
0.50000000   nan
0.50000100   nan
0.50000000   nan
0.50000000   nan
0.50000000   nan
0.50000000   nan
0.50000000   nan
0.50000100   nan
0.50000000   nan
0.50000000   nan
0.50000000   nan
0.50000000   nan
0.50000000   nan
0.50000100   nan
0.50000000   nan
0.50000000   nan
0.50000000   nan
0.50000000   nan
0.50000000   nan
0.50000100   nan
0.50000000   nan
0.50000000   nan
0.50000000   nan
0.50000000   nan
0.50000000   nan
0.50000100   nan
0.50000000   nan
0.50000000   nan
0.50000000   nan
0.50000000   nan
0.50000000   nan
0.50000100   nan
0.50000000   nan
0.50000000   nan
0.50000000   nan
0.50000000   nan
0.50000000   nan
0.50000100   nan
0.50000000 541.25060977
0.50000000 541.25060977
0.50000000 541.25060977
0.50000000 541.25060977
0.50000000 541.25061077
0.50000100 541.25060977
0.50000000 541.25060977
0.50000000 541.25060977
0.50000000 541.25060977
0.50000000 541.25060977
0.50000000 541.25061077
0.50000100 541.25060977
0.50000000 541.25060977
0.50000000 541.25060977
0.50000000 541.25060977
0.50000000 541.25060977
0.50000000 541.25061077
0.50000100 541.25060977
0.50000000 541.25060977
0.50000000 541.25060977
0.50000000 541.25060977
0.50000000 541.25060977
0.50000000 541.25061077
0.50000100 541.25060977
0.50000000 541.25060977
0.50000000 541.25060977
0.50000000 541.25060977
0.50000000 541.25060977
0.50000000 541.25061077
0.50000100 541.25060977
0.50000000 321.60728965
0.50000000 321.60728965
0.50000000 317.93621040
0.50000000 317.93621040
0.50000000 317.93621040
0.50000000 317.93621040
0.50000000 317.93621040
0.50000000 317.93621040
0.50000000 317.93621040
0.50000000 317.93621040
0.50000000 317.93621040
0.50000000 317.93621040
0.50000000 317.93621040
0.50000000 317.93621040
0.50000000 317.93621040
0.50000000 317.93621040
0.50000000 317.93621040
0.50000000 317.93621040
0.50000000 317.93621040
0.50000000 317.93621040
0.50000000 317.93621040
0.50000000 317.93621040
0.50000000 313.94017900
0.50000000 313.94017900
0.40000000 62896.99452942
0.49000000 277.02256404
0.40000000 457.60377470
0.45361125 240.11455430
0.40000000 325.06467021
0.42953791 226.90998279
0.40000000 260.16445928
0.41343274 221.81719057
0.40000000 182.10794290
0.40000000 164.01972139
0.40000000 146.94583150
0.40000000 138.57185899
0.40000000 132.94729008
0.40000000 129.43097876
0.40000000 127.95497747
0.40000000 127.25413003
0.40000000 126.79867394
0.40000000 126.28195430
0.40000000 126.01640312
0.40000000 125.77671652
0.40000000 125.52938126
0.40000000 125.33515761
0.40000000 125.20601666
0.40000000 125.07661446
0.39999999 124.97046637
0.40000000 124.88203231
0.40000000 124.79443905
0.39999999 124.69474709
0.40000000 124.60412561
0.40000000 124.50584579
0.40000166 124.39924915
0.40000001 124.32948629
0.40000009 124.21207398
0.40000003 124.09681256
0.39991941 123.99158494
0.40000000 123.87009860
0.40000000 123.70763774
0.40000000 123.63846300
0.40000000 123.52529707
0.40000000 123.45620458
0.40000000 123.36589261
0.40000000 123.31116965
0.40000000 123.27448961
0.40000000 123.23501550
0.40000000 123.21081179
0.40000000 123.19238470
0.40000000 123.16739139
0.40000000 123.13587147
0.40000000 123.12324349
0.40000000 123.05509609
0.40000000 122.98553239
0.40000000 122.90234398
0.40000000 122.86380002
0.40000000 122.78385171
0.40000008 122.71819885
0.40000035 122.69748691
0.40000025 122.63545037
0.40000000 122.61807518
0.40000787 122.56778114
0.40000408 122.55210869
0.40004101 122.49098849
0.40002362 122.47665964
0.40000001 122.44872443
0.40000000 122.38921173
0.40000000 122.28346506
0.40000000 122.20263876
0.40000000 122.07966721
0.40000000 121.88815684
0.40000000 121.77209017
0.40000000 121.58336324
0.40000000 121.51607839
0.40000000 121.37323604
0.40000000 121.32770436
0.40000000 121.26244014
0.40000000 121.23322076
0.40000000 121.16152746
0.40000000 121.11962375
0.40000000 121.03766305
0.40000000 120.97957103
0.40000000 120.91829194
0.40000000 120.87023175
0.40000000 120.81658117
0.40000000 120.77869763
0.40000011 120.72381288
0.40000001 120.68530619
0.40000000 120.57906568
0.40000000 120.52773192
0.39998689 120.39944291
0.39973631 120.42046503
0.39992565 120.39710807
0.40014001 120.18217228
0.40328714 118.81563006
0.40153307 119.52682377
0.40079690 119.86271826
0.40045889 120.02472735
0.40029697 120.10410960
0.40021780 120.14334881
0.40017869 120.16283385
0.40015928 120.17253205
0.40014962 120.17736474
0.40014480 120.17977431
0.40014240 120.18097607
0.40021395 120.11202641
0.40230440 119.09204833
0.40123907 119.57516813
0.40074762 119.82461994
0.40049906 119.95645600
0.40036820 120.02729504
0.40029795 120.06572018
0.40025986 120.08667246
0.40023908 120.09813020
0.40022772 120.10440577
0.40022150 120.10784599
0.40021809 120.10973278
0.40000854 120.22481039
0.40012884 120.14575657
0.40000000 120.03645404
0.40000000 119.90863262
0.40000000 119.81367956
0.40000000 119.64711423
0.40000000 119.57969094
0.40000000 119.45669661
0.40000000 119.38713422
0.40000000 119.34416885
0.40000000 119.29713668
0.40000000 119.26031060
0.40000000 119.23843470
0.40000000 119.20979395
0.40000000 119.19456699
0.40000000 119.17756514
0.40000000 119.16291347
0.40000000 119.15338715
0.40000000 119.08070739
0.40000000 119.05245057
0.40000040 119.01530319
0.39999703 118.91524179
0.40004290 118.84992338
0.40041985 118.64203110
0.40000000 118.80795379
0.40000000 118.76810462
0.40000000 118.75274223
0.40000000 118.73814175
0.40000000 118.72555863
0.40000000 118.71193154
0.40000000 118.70367180
0.40000000 118.69889006
0.40000000 118.69399826
0.40000000 118.69236669
0.40000000 118.69041316
0.40000000 118.69025161
0.40000000 118.69016399
0.40000000 118.69014954
0.40000000 118.69013743
0.40000000 118.69013293
0.40000000 118.69012803
0.40000000 118.69012345
0.40000000 118.69011867
0.40000000 118.69011491
0.40000000 118.69011181
0.40000000 118.69010945
0.40000000 118.69010796
0.40000000 118.69010724
0.40000000 118.69010691
0.40000000 118.69010675
0.40000000 118.69010668
0.40000000 118.69010665
0.40000000 118.69010663
0.40000000 118.69010663
0.40000000 118.69010662
0.50000000 313.94017900
0.50000000 313.94017900
0.50000000 313.94017900
0.50000000 313.94017900
0.50000000 189.41948597
0.50000000 189.41948597
0.50000000 189.41948597
0.50000000 189.41948597
0.50000000 189.41948697
0.50000100 189.41948597
0.50000000 313.94017900
0.50000000 313.94017900
0.50000000 313.94017900
0.50000000 313.94017900
0.50000000 313.94018000
0.50000100 313.94017900
0.50000000 313.94017900
0.50000000 313.94017900
0.40000000 62896.99452942
0.49000000 277.02256404
0.40000000 457.60377470
0.45361125 240.11455430
0.40000000 325.06467021
0.42953791 226.90998279
0.40000000 260.16445928
0.41343274 221.81719057
0.40000000 182.10794290
0.40000000 164.01972139
0.40000000 146.94583150
0.40000000 138.57185899
0.40000000 132.94729008
0.40000000 129.43097876
0.40000000 127.95497747
0.40000000 127.25413003
0.40000000 126.79867394
0.50000000 313.94017900
0.50000000 313.94017900
0.40000000 62896.99452942
0.49000000 277.02256404
0.40000000 457.60377470
0.45361125 240.11455430
0.40000000 325.06467021
0.42953791 226.90998279
0.40000000 260.16445928
0.41343274 221.81719057
0.40000000 182.10794290
0.40000000 164.01972139
0.40000000 146.94583150
0.40000000 138.57185899
0.40000000 132.94729008
0.40000000 129.43097876
0.40000000 127.95497747
0.40000000 127.25413003
0.50000000 313.94017900
0.50000000 313.94017900
0.50000000 313.94017900
0.50000000 313.94017900
0.50000000 313.94017506
0.50000000 313.94016852
0.50000000 313.94017278
0.50000000 313.94017344
0.50000000 313.94017390
0.50000000 313.94017427
0.50000000 313.94017461
0.50000000 313.94017493
0.50000000 313.94017523
0.50000000 313.94017552
0.50000000 313.94017579
0.50000000 313.94017606
0.50000000 313.94017631
0.50000000 313.94017654
0.50000000 313.94017676
0.50000000 313.94017696
0.50000000 313.94017713
0.50000000 313.94017730
0.50000000 313.94017695
0.50000000 313.94017822
0.50000000 313.94016439
0.50000000 313.94015686
0.50000000 313.94016416
0.50000000 313.94016555
0.50000000 313.94016655
0.50000000 313.94016737
0.50000000 313.94016809
0.50000000 313.94016876
0.50000000 313.94016940
0.50000000 313.94017001
0.50000000 313.94017061
0.50000000 313.94017118
0.50000000 313.94017173
0.50000000 313.94017227
0.50000000 313.94017277
0.50000000 313.94017326
0.50000000 313.94017372
0.50000000 313.94017416
0.50000000 313.94017356
0.50000000 313.94017560
0.50000000 313.94017563
0.50000000 313.94017267
0.50000000 313.94017440
0.50000000 313.94017483
0.50000000 313.94017522
0.50000000 313.94017557
0.50000000 313.94017590
0.50000000 313.94017619
0.50000000 313.94017647
0.50000000 313.94017674
0.50000000 313.94017698
0.50000000 313.94017721
0.50000000 313.94017742
0.50000000 313.94017761
0.50000000 313.94017777
0.50000000 313.94017792
0.50000000 313.94017804
0.50000000 313.94017814
0.50000000 313.94017800
0.50000000 313.94017862
0.50000000 313.94017211
0.50000000 313.94016810
0.50000000 313.94017038
0.50000000 313.94017090
0.50000000 313.94017145
0.50000000 313.94017196
0.50000000 313.94017242
0.50000000 313.94017285
0.50000000 313.94017325
0.50000000 313.94017363
0.50000000 313.94017399
0.50000000 313.94017434
0.50000000 313.94017467
0.50000000 313.94017499
0.50000000 313.94017530
0.50000000 313.94017559
0.50000000 313.94017586
0.50000000 313.94017613
0.50000000 313.94017580
0.50000000 313.94017700
0.50000000 313.94017643
0.50000000 313.94017420
0.50000000 313.94017546
0.50000000 313.94017568
0.50000000 313.94017595
0.50000000 313.94017621
0.50000000 313.94017646
0.50000000 313.94017670
0.50000000 313.94017691
0.50000000 313.94017711
0.50000000 313.94017730
0.50000000 313.94017747
0.50000000 313.94017763
0.50000000 313.94017778
0.50000000 313.94017791
0.50000000 313.94017804
0.50000000 313.94017816
0.50000000 313.94017827
0.50000000 313.94017818
0.50000000 313.94017868
0.50000000 313.94017424
0.50000000 313.94017128
0.50000000 313.94017269
0.50000000 313.94017283
0.50000000 313.94017313
0.50000000 313.94017346
0.50000000 313.94017380
0.50000000 313.94017413
0.50000000 313.94017444
0.50000000 313.94017474
0.50000000 313.94017502
0.50000000 313.94017529
0.50000000 313.94017555
0.50000000 313.94017580
0.50000000 313.94017603
0.50000000 313.94017626
0.50000000 313.94017648
0.50000000 313.94017669
0.50000000 313.94017642
0.50000000 313.94017739
0.50000000 313.94017702
0.50000000 313.94017536
0.50000000 313.94017628
0.50000000 313.94017642
0.50000000 313.94017659
0.50000000 313.94017677
0.50000000 313.94017694
0.50000000 313.94017711
0.50000000 313.94017727
0.50000000 313.94017741
0.50000000 313.94017755
0.50000000 313.94017767
0.50000000 313.94017778
0.50000000 313.94017789
0.50000000 313.94017800
0.50000000 313.94017811
0.50000000 313.94017822
0.50000000 313.94017834
0.50000000 313.94017829
0.50000000 313.94017872
0.50000000 313.94017569
0.50000000 313.94017357
0.50000000 313.94017448
0.50000000 313.94017448
0.50000000 313.94017460
0.50000000 313.94017479
0.50000000 313.94017501
0.50000000 313.94017524
0.50000000 313.94017547
0.50000000 313.94017569
0.50000000 313.94017589
0.50000000 313.94017609
0.50000000 313.94017628
0.50000000 313.94017647
0.50000000 313.94017664
0.50000000 313.94017682
0.50000000 313.94017698
0.50000000 313.94017715
0.50000000 313.94017693
0.50000000 313.94017771
0.50000000 313.94017748
0.50000000 313.94017625
0.50000000 313.94017692
0.50000000 313.94017700
0.50000000 313.94017711
0.50000000 313.94017722
0.50000000 313.94017734
0.50000000 313.94017746
0.50000000 313.94017756
0.50000000 313.94017766
0.50000000 313.94017775
0.50000000 313.94017783
0.50000000 313.94017791
0.50000000 313.94017798
0.50000000 313.94017805
0.50000000 313.94017813
0.50000000 313.94017823
0.50000000 313.94017834
0.50000000 313.94017833
0.50000000 313.94017872
0.50000000 313.94017675
0.50000000 313.94017526
0.50000000 313.94017585
0.50000000 313.94017580
0.50000000 313.94017582
0.50000000 313.94017591
0.50000000 313.94017604
0.50000000 313.94017618
0.50000000 313.94017633
0.50000000 313.94017648
0.50000000 313.94017662
0.50000000 313.94017676
0.50000000 313.94017689
0.50000000 313.94017702
0.50000000 313.94017714
0.50000000 313.94017726
0.50000000 313.94017738
0.50000000 313.94017750
0.50000000 313.94017732
0.50000000 313.94017795
0.50000000 313.94017783
0.50000000 313.94017693
0.50000000 313.94017742
0.50000000 313.94017746
0.50000000 313.94017752
0.50000000 313.94017759
0.50000000 313.94017766
0.50000000 313.94017774
0.50000000 313.94017781
0.50000000 313.94017787
0.50000000 313.94017793
0.50000000 313.94017797
0.50000000 313.94017802
0.50000000 313.94017805
0.50000000 313.94017808
0.50000000 313.94017812
0.50000000 313.94017817
0.50000000 313.94017826
0.50000000 313.94017825
0.50000000 313.94017865
0.50000000 313.94017753
0.50000000 313.94017652
0.50000000 313.94017688
0.50000000 313.94017681
0.50000000 313.94017678
0.50000000 313.94017681
0.50000000 313.94017687
0.50000000 313.94017695
0.50000000 313.94017704
0.50000000 313.94017713
0.50000000 313.94017722
0.50000000 313.94017731
0.50000000 313.94017739
0.50000000 313.94017747
0.50000000 313.94017754
0.50000000 313.94017761
0.50000000 313.94017769
0.50000000 313.94017776
0.50000000 313.94017759
0.50000000 313.94017813
0.50000000 313.94017810
0.50000000 313.94017745
0.50000000 313.94017779
0.50000000 313.94017782
0.50000000 313.94017784
0.50000000 313.94017788
0.50000000 313.94017792
0.50000000 313.94017796
0.50000000 313.94017801
0.50000000 313.94017804
0.50000000 313.94017808
0.50000000 313.94017811
0.50000000 313.94017813
0.50000000 313.94017814
0.50000000 313.94017814
0.50000000 313.94017812
0.50000000 313.94017809
0.50000000 313.94017810
0.50000000 313.94017799
0.50000000 313.94017845
0.50000000 313.94017811
0.50000000 313.94017745
0.50000000 313.94017764
0.50000000 313.94017755
0.50000000 313.94017751
0.50000000 313.94017749
0.50000000 313.94017750
0.50000000 313.94017754
0.50000000 313.94017758
0.50000000 313.94017763
0.50000000 313.94017768
0.50000000 313.94017773
0.50000000 313.94017778
0.50000000 313.94017782
0.50000000 313.94017786
0.50000000 313.94017789
0.50000000 313.94017791
0.50000000 313.94017793
0.50000000 313.94017772
0.50000000 313.94017824
0.50000000 313.94017830
0.50000000 313.94017783
0.50000000 313.94017807
0.50000000 313.94017807
0.50000000 313.94017808
0.50000000 313.94017810
0.50000000 313.94017811
0.50000000 313.94017814
0.50000000 313.94017816
0.50000000 313.94017819
0.50000000 313.94017821
0.50000000 313.94017823
0.50000000 313.94017825
0.50000000 313.94017825
0.50000000 313.94017823
0.50000000 313.94017817
0.50000000 313.94017805
0.50000000 313.94017786
0.50000000 313.94017738
0.50000000 313.94017796
0.50000000 313.94017850
0.50000000 313.94017808
0.50000000 313.94017815
0.50000000 313.94017807
0.50000000 313.94017801
0.50000000 313.94017797
0.50000000 313.94017795
0.50000000 313.94017796
0.50000000 313.94017797
0.50000000 313.94017799
0.50000000 313.94017802
0.50000000 313.94017804
0.50000000 313.94017807
0.50000000 313.94017809
0.50000000 313.94017810
0.50000000 313.94017810
0.50000000 313.94017807
0.50000000 313.94017801
0.50000000 313.94017766
0.50000000 313.94017826
0.50000000 313.94017843
0.50000000 313.94017808
0.50000000 313.94017825
0.50000000 313.94017824
0.50000000 313.94017824
0.50000000 313.94017824
0.50000000 313.94017825
0.50000000 313.94017826
0.50000000 313.94017828
0.50000000 313.94017830
0.50000000 313.94017832
0.50000000 313.94017834
0.50000000 313.94017836
0.50000000 313.94017837
0.50000000 313.94017837
0.50000000 313.94017832
0.50000000 313.94017817
0.50000000 313.94017767
0.50000000 313.94017591
0.50000000 313.94017676
0.50000000 313.94017873
0.50000000 313.94017845
0.50000000 313.94017846
0.50000000 313.94017837
0.50000000 313.94017830
0.50000000 313.94017825
0.50000000 313.94017822
0.50000000 313.94017821
0.50000000 313.94017820
0.50000000 313.94017821
0.50000000 313.94017822
0.50000000 313.94017823
0.50000000 313.94017825
0.50000000 313.94017826
0.50000000 313.94017827
0.50000000 313.94017827
0.50000000 313.94017824
0.50000000 313.94017802
0.50000000 313.94017709
0.50000000 313.94017821
0.50000000 313.94017850
0.50000000 313.94017821
0.50000000 313.94017835
0.50000000 313.94017833
0.50000000 313.94017832
0.50000000 313.94017832
0.50000000 313.94017832
0.50000000 313.94017833
0.50000000 313.94017834
0.50000000 313.94017836
0.50000000 313.94017838
0.50000000 313.94017841
0.50000000 313.94017844
0.50000000 313.94017847
0.50000000 313.94017849
0.50000000 313.94017850
0.50000000 313.94017844
0.50000000 313.94017804
0.50000000 313.94017064
0.50000000 313.94017301
0.50000000 313.94017880
0.50000000 313.94017857
0.50000000 313.94017856
0.50000000 313.94017847
0.50000000 313.94017840
0.50000000 313.94017835
0.50000000 313.94017831
0.50000000 313.94017829
0.50000000 313.94017828
0.50000000 313.94017828
0.50000000 313.94017829
0.50000000 313.94017830
0.50000000 313.94017831
0.50000000 313.94017832
0.50000000 313.94017834
0.50000000 313.94017835
0.50000000 313.94017835
0.50000000 313.94017832
0.50000000 313.94017397
0.50000000 313.94017846
0.50000000 313.94017852
0.50000000 313.94017824
0.50000000 313.94017836
0.50000000 313.94017835
0.50000000 313.94017833
0.50000000 313.94017833
0.50000000 313.94017833
0.50000000 313.94017833
0.50000000 313.94017835
0.50000000 313.94017837
0.50000000 313.94017839
0.50000000 313.94017842
0.50000000 313.94017846
0.50000000 313.94017850
0.50000000 313.94017854
0.50000000 313.94017857
0.50000000 313.94017858
0.50000000 313.94017847
0.50000000 313.94016641
0.50000000 313.94017013
0.50000000 313.94017873
0.50000000 313.94017846
0.50000000 313.94017846
0.50000000 313.94017838
0.50000000 313.94017831
0.50000000 313.94017826
0.50000000 313.94017823
0.50000000 313.94017821
0.50000000 313.94017821
0.50000000 313.94017821
0.50000000 313.94017823
0.50000000 313.94017824
0.50000000 313.94017826
0.50000000 313.94017828
0.50000000 313.94017829
0.50000000 313.94017831
0.50000000 313.94017832
0.50000000 313.94017828
0.50000000 313.94017393
0.50000000 313.94017844
0.50000000 313.94017848
0.50000000 313.94017815
0.50000000 313.94017830
0.50000000 313.94017828
0.50000000 313.94017827
0.50000000 313.94017827
0.50000000 313.94017827
0.50000000 313.94017828
0.50000000 313.94017830
0.50000000 313.94017832
0.50000000 313.94017835
0.50000000 313.94017838
0.50000000 313.94017841
0.50000000 313.94017844
0.50000000 313.94017847
0.50000000 313.94017848
0.50000000 313.94017842
0.50000000 313.94017802
0.50000000 313.94017062
0.50000000 313.94017301
0.50000000 313.94017851
0.50000000 313.94017810
0.50000000 313.94017817
0.50000000 313.94017808
0.50000000 313.94017802
0.50000000 313.94017798
0.50000000 313.94017796
0.50000000 313.94017796
0.50000000 313.94017798
0.50000000 313.94017800
0.50000000 313.94017803
0.50000000 313.94017805
0.50000000 313.94017808
0.50000000 313.94017811
0.50000000 313.94017813
0.50000000 313.94017815
0.50000000 313.94017813
0.50000000 313.94017793
0.50000000 313.94017698
0.50000000 313.94017815
0.50000000 313.94017838
0.50000000 313.94017795
0.50000000 313.94017815
0.50000000 313.94017814
0.50000000 313.94017814
0.50000000 313.94017814
0.50000000 313.94017816
0.50000000 313.94017817
0.50000000 313.94017820
0.50000000 313.94017822
0.50000000 313.94017825
0.50000000 313.94017828
0.50000000 313.94017830
0.50000000 313.94017832
0.50000000 313.94017832
0.50000000 313.94017828
0.50000000 313.94017813
0.50000000 313.94017763
0.50000000 313.94017587
0.50000000 313.94017675
0.50000000 313.94017812
0.50000000 313.94017749
0.50000000 313.94017766
0.50000000 313.94017758
0.50000000 313.94017752
0.50000000 313.94017751
0.50000000 313.94017752
0.50000000 313.94017755
0.50000000 313.94017759
0.50000000 313.94017764
0.50000000 313.94017769
0.50000000 313.94017774
0.50000000 313.94017779
0.50000000 313.94017784
0.50000000 313.94017788
0.50000000 313.94017790
0.50000000 313.94017788
0.50000000 313.94017784
0.50000000 313.94017748
0.50000000 313.94017815
0.50000000 313.94017822
0.50000000 313.94017763
0.50000000 313.94017791
0.50000000 313.94017792
0.50000000 313.94017793
0.50000000 313.94017795
0.50000000 313.94017798
0.50000000 313.94017801
0.50000000 313.94017804
0.50000000 313.94017808
0.50000000 313.94017811
0.50000000 313.94017814
0.50000000 313.94017816
0.50000000 313.94017817
0.50000000 313.94017816
0.50000000 313.94017811
0.50000000 313.94017799
0.50000000 313.94017781
0.50000000 313.94017732
0.50000000 313.94017794
0.50000000 313.94017756
0.50000000 313.94017658
0.50000000 313.94017692
0.50000000 313.94017684
0.50000000 313.94017681
0.50000000 313.94017683
0.50000000 313.94017688
0.50000000 313.94017696
0.50000000 313.94017705
0.50000000 313.94017714
0.50000000 313.94017723
0.50000000 313.94017731
0.50000000 313.94017740
0.50000000 313.94017747
0.50000000 313.94017754
0.50000000 313.94017759
0.50000000 313.94017764
0.50000000 313.94017769
0.50000000 313.94017747
0.50000000 313.94017808
0.50000000 313.94017799
0.50000000 313.94017717
0.50000000 313.94017757
0.50000000 313.94017760
0.50000000 313.94017763
0.50000000 313.94017768
0.50000000 313.94017773
0.50000000 313.94017779
0.50000000 313.94017785
0.50000000 313.94017790
0.50000000 313.94017794
0.50000000 313.94017798
0.50000000 313.94017801
0.50000000 313.94017803
0.50000000 313.94017804
0.50000000 313.94017803
0.50000000 313.94017801
0.50000000 313.94017803
0.50000000 313.94017791
0.50000000 313.94017842
0.50000000 313.94017678
0.50000000 313.94017534
0.50000000 313.94017590
0.50000000 313.94017584
0.50000000 313.94017586
0.50000000 313.94017594
0.50000000 313.94017606
0.50000000 313.94017620
0.50000000 313.94017634
0.50000000 313.94017649
0.50000000 313.94017663
0.50000000 313.94017676
0.50000000 313.94017689
0.50000000 313.94017701
0.50000000 313.94017712
0.50000000 313.94017723
0.50000000 313.94017734
0.50000000 313.94017745
0.50000000 313.94017726
0.50000000 313.94017793
0.50000000 313.94017768
0.50000000 313.94017655
0.50000000 313.94017712
0.50000000 313.94017718
0.50000000 313.94017725
0.50000000 313.94017734
0.50000000 313.94017743
0.50000000 313.94017752
0.50000000 313.94017760
0.50000000 313.94017768
0.50000000 313.94017775
0.50000000 313.94017782
0.50000000 313.94017787
0.50000000 313.94017792
0.50000000 313.94017796
0.50000000 313.94017801
0.50000000 313.94017807
0.50000000 313.94017817
0.50000000 313.94017814
0.50000000 313.94017861
0.50000000 313.94017572
0.50000000 313.94017366
0.50000000 313.94017454
0.50000000 313.94017453
0.50000000 313.94017464
0.50000000 313.94017483
0.50000000 313.94017504
0.50000000 313.94017526
0.50000000 313.94017548
0.50000000 313.94017569
0.50000000 313.94017589
0.50000000 313.94017609
0.50000000 313.94017627
0.50000000 313.94017645
0.50000000 313.94017662
0.50000000 313.94017678
0.50000000 313.94017695
0.50000000 313.94017711
0.50000000 313.94017689
0.50000000 313.94017769
0.50000000 313.94017728
0.50000000 313.94017574
0.50000000 313.94017653
0.50000000 313.94017664
0.50000000 313.94017677
0.50000000 313.94017691
0.50000000 313.94017705
0.50000000 313.94017719
0.50000000 313.94017732
0.50000000 313.94017744
0.50000000 313.94017754
0.50000000 313.94017764
0.50000000 313.94017773
0.50000000 313.94017781
0.50000000 313.94017790
0.50000000 313.94017799
0.50000000 313.94017810
0.50000000 313.94017822
0.50000000 313.94017819
0.50000000 313.94017867
0.50000000 313.94017428
0.50000000 313.94017140
0.50000000 313.94017276
0.50000000 313.94017290
0.50000000 313.94017318
0.50000000 313.94017351
0.50000000 313.94017384
0.50000000 313.94017415
0.50000000 313.94017446
0.50000000 313.94017475
0.50000000 313.94017502
0.50000000 313.94017528
0.50000000 313.94017553
0.50000000 313.94017577
0.50000000 313.94017601
0.50000000 313.94017623
0.50000000 313.94017645
0.50000000 313.94017667
0.50000000 313.94017640
0.50000000 313.94017738
0.50000000 313.94017675
0.50000000 313.94017467
0.50000000 313.94017578
0.50000000 313.94017596
0.50000000 313.94017618
0.50000000 313.94017640
0.50000000 313.94017661
0.50000000 313.94017681
0.50000000 313.94017698
0.50000000 313.94017715
0.50000000 313.94017730
0.50000000 313.94017744
0.50000000 313.94017757
0.50000000 313.94017769
0.50000000 313.94017782
0.50000000 313.94017794
0.50000000 313.94017807
0.50000000 313.94017820
0.50000000 313.94017813
0.50000000 313.94017866
0.50000000 313.94017216
0.50000000 313.94016825
0.50000000 313.94017047
0.50000000 313.94017098
0.50000000 313.94017152
0.50000000 313.94017202
0.50000000 313.94017247
0.50000000 313.94017288
0.50000000 313.94017327
0.50000000 313.94017364
0.50000000 313.94017400
0.50000000 313.94017434
0.50000000 313.94017466
0.50000000 313.94017497
0.50000000 313.94017527
0.50000000 313.94017557
0.50000000 313.94017585
0.50000000 313.94017611
0.50000000 313.94017579
0.50000000 313.94017699
0.50000000 313.94017601
0.50000000 313.94017324
0.50000000 313.94017479
0.50000000 313.94017517
0.50000000 313.94017551
0.50000000 313.94017582
0.50000000 313.94017610
0.50000000 313.94017635
0.50000000 313.94017659
0.50000000 313.94017681
0.50000000 313.94017701
0.50000000 313.94017720
0.50000000 313.94017738
0.50000000 313.94017754
0.50000000 313.94017770
0.50000000 313.94017784
0.50000000 313.94017798
0.50000000 313.94017810
0.50000000 313.94017798
0.50000000 313.94017861
0.50000000 313.94016866
0.50000000 313.94016323
0.50000000 313.94016805
0.50000000 313.94016905
0.50000000 313.94016979
0.50000000 313.94017041
0.50000000 313.94017095
0.50000000 313.94017145
0.50000000 313.94017192
0.50000000 313.94017237
0.50000000 313.94017281
0.50000000 313.94017323
0.50000000 313.94017364
0.50000000 313.94017403
0.50000000 313.94017441
0.50000000 313.94017477
0.50000000 313.94017511
0.50000000 313.94017544
0.50000000 313.94017504
0.50000000 313.94017653
0.50000000 313.94017449
0.50000000 313.94016960
0.50000000 313.94017303
0.50000000 313.94017367
0.50000000 313.94017418
0.50000000 313.94017462
0.50000000 313.94017504
0.50000000 313.94017542
0.50000000 313.94017578
0.50000000 313.94017612
0.50000000 313.94017644
0.50000000 313.94017674
0.50000000 313.94017702
0.50000000 313.94017726
0.50000000 313.94017748
0.50000000 313.94017767
0.50000000 313.94017782
0.50000000 313.94017795
0.50000000 313.94017778
0.50000000 313.94017853
0.50000000 313.94017230
0.50000000 313.94016836
0.50000000 313.94017221
0.50000000 313.94017290
0.50000000 313.94017338
0.50000000 313.94017378
0.50000000 313.94017413
0.50000000 313.94017447
0.50000000 313.94017479
0.50000000 313.94017509
0.50000000 313.94017539
0.50000000 313.94017567
0.50000000 313.94017594
0.50000000 313.94017619
0.50000000 313.94017643
0.50000000 313.94017665
0.50000000 313.94017685
0.50000000 313.94017703
0.50000000 313.94017681
0.50000000 313.94017763
1.00000000 1.00000000
1.00000000 1.00000000
1.00000000 1.00000000
0.50000000 313.94017900
0.50000000 313.94017900
0.50000000 313.94017900
0.50000000 313.94017900
0.50000000 313.94017900
0.50000000 313.94017900
0.50000000 313.94017900
0.50000000 313.94017900
0.50000000 313.94017900
0.50000000 313.94017900
0.50000000 313.94017900
0.50000000 313.94017900
0.50000000 313.94017900
0.50000000 313.94017900
0.50000000 313.94017900
0.50000000 313.94017900
0.50000000 313.94017900
0.50000000 313.94017900
0.50000000 313.94017900
0.50000000 313.94017900
0.50000000 313.94017900
0.50000000 313.94017900
0.50000000 313.94017900
0.50000000 313.94017900
0.50000000 313.94017900
0.50000000 313.94017900
0.50000000 313.94017900
0.50000000 313.94017900
0.50000000 313.94017900
0.50000000 313.94017900
0.50000000 313.94017900
0.50000000 313.94017900
0.50000000 313.94018000
0.50000100 313.94017900
