0.80000000 76.64555151
0.80000000 76.64555151
0.80000000 76.64555151
0.40000000 627.09886527
0.72384566 83.48179780
0.40000000 1114.69045510
0.69146110 86.23274463
0.40000000 430.20036316
0.64895948 91.84123184
0.40000000 309.10034010
0.59101111 103.62910484
0.40000000 234.61134005
0.50904762 130.43809340
0.40000000 180.03132818
0.40000000 161.70001997
0.40000000 153.64127456
0.40000000 142.17399310
0.40000000 132.45826435
0.40000000 127.49270097
0.80000000 76.64555151
0.80000000 77.62114512
0.80000000 77.62114512
0.80000000 76.64555151
0.80000000 76.64555151
0.80000000 77.62114512
0.80000000 77.62114512
0.80000000 76.64555151
0.80000000 76.64555151
0.79977968 76.19853175
0.78458961 78.17151976
0.60365721 106.52653228
0.46006184 178.81212187
0.39996532 241.52062553
0.39993224 223.62675800
0.39992991 213.66149396
0.39993236 203.53556208
0.39995947 188.40016184
0.39996791 174.45743890
0.39997275 162.97591687
0.39998030 152.72034010
0.39998083 148.49991341
0.39998104 145.59353189
0.39997981 141.26953097
0.39997886 139.27764446
0.39997564 137.01981691
0.39997244 136.27098161
0.39997089 136.18555763
0.39999345 127.06673052
0.39999482 125.29296865
0.39999510 124.89598345
0.39999518 124.80773395
0.39999517 124.80374025
0.39999520 124.76963575
0.39999519 124.74744348
0.39999517 124.73337214
0.39999518 124.71460981
0.39999908 123.07871161
0.39999965 122.79890111
0.39999973 122.76470833
0.39999974 122.75273542
0.39999974 122.75264173
0.39999974 122.75254553
0.39999974 122.75270867
0.39999974 122.75252659
0.39999974 122.75223161
0.39999974 122.75220365
0.39999974 122.75219613
0.40000001 122.64130954
0.40000001 122.64066267
0.40000001 122.64057991
0.40000001 122.64056916
0.40000001 122.64056557
0.40000001 122.64055799
0.40000001 122.64054131
0.40000001 122.63995100
0.40000001 122.64006808
0.40000001 122.63990579
0.40000001 122.63961752
0.40000001 122.63915493
0.40000001 122.63909789
0.40000001 122.63883707
0.40000001 122.63873437
0.40000001 122.63873347
0.40000001 122.63873182
0.40000001 122.63873120
0.40000001 122.63873121
0.40000001 122.63873100
0.40000001 122.63873088
0.40000001 122.63873084
0.40000001 122.63873084
0.40000001 122.63873087
0.40000001 122.63873097
0.40000001 122.63873086
0.40000001 122.63873085
0.40000001 122.63873083
0.40000001 122.63873084
0.40000001 122.63873081
0.40000001 122.63740637
0.40000001 122.63740593
0.40000001 122.63740588
0.40000001 122.63740588
0.40000001 122.63740588
0.40000001 122.63740588
0.40000001 122.63740587
0.40000001 122.63740587
0.40000001 122.63740587
0.40000001 122.63740587
0.40000001 122.63740587
0.40000001 122.63740592
0.40000001 122.63740592
0.40000001 122.63740587
0.40000001 122.63740592
0.40000001 122.63740587
0.40000001 122.63740587
0.40000001 122.63740587
0.40000001 122.63740587
0.40000001 122.63740587
0.40000001 122.63740587
0.40000001 122.63740587
0.40000001 122.63740587
0.40000001 122.63740587
0.40000001 122.63740587
0.40000001 122.63740587
0.40000001 122.63740587
0.40000001 122.63740587
0.40000001 122.63740587
0.40000001 122.63740587
0.40000001 122.63740587
0.40000001 122.63740587
0.40000001 122.63740587
0.40000001 122.63740587
0.40000001 122.63740587
0.40000001 122.63740587
0.40000001 122.63740587
0.40000001 122.63740587
0.40000001 122.63740587
0.40000001 122.63740587
0.80000000 78.51740470
0.79866605 78.82355761
0.79573089 79.61056380
0.78720718 81.04420680
0.42830564 336.03044117
0.39996838 285.95481613
0.39997766 263.73610093
0.39998701 238.54513766
0.39998867 225.74116491
0.39998850 220.85852625
0.39999557 193.84248621
0.39999751 173.07106645
0.39999755 159.41010252
0.39999748 151.88080656
0.39999742 148.30303446
0.39999737 144.40060068
0.39999732 142.09432989
0.39999722 138.26296475
0.39999706 134.71288165
0.39999692 132.70822021
0.39999669 130.19991974
0.39999653 128.90494865
0.39999626 126.97912303
0.39999603 125.33660656
0.39999506 121.02305801
0.39999482 120.30116078
0.39999462 119.11575529
0.39999405 117.17403937
0.39999398 116.61893390
0.39999384 116.25089018
0.39999384 116.24310012
0.39999317 115.33643582
0.80000000 78.51740470
0.79866605 78.82355761
0.79866605 78.82355761
0.80000000 78.51740470
0.79866605 78.82355761
0.79573089 79.61056380
0.78720718 81.04420680
0.42830564 336.03044051
0.39996838 285.95481622
0.39997766 263.73610090
0.39998701 238.54513769
0.39998867 225.74116489
0.39998850 220.85852625
0.39999557 193.84248621
0.39999751 173.07106649
0.39999755 159.41010256
0.39999748 151.88080664
0.39999742 148.30303451
0.39999737 144.40060074
0.39999732 142.09432994
0.39999722 138.26296482
0.39999706 134.71288169
0.39999692 132.70822022
0.39999669 130.19991975
0.39999653 128.90494871
0.39999626 126.97912303
0.39999603 125.33660653
0.39999506 121.02305797
0.39999482 120.30116081
0.39999462 119.11575531
0.39999405 117.17403940
0.39999398 116.61893388
0.39999371 115.89892086
0.39999333 115.25401188
0.39999288 115.04100320
0.39999281 114.62559424
0.39999281 114.62559424
0.39999281 114.62559424
0.39999284 114.62877216
0.39999282 114.53492525
0.39999269 114.27758880
0.39999259 113.91715153
0.39999254 113.64024249
0.39999249 113.34717634
0.39999242 113.10992049
0.39999214 111.14822420
0.39999225 111.08629918
0.39999237 110.72260215
0.39999240 110.34281396
0.39999605 96.24974032
0.39999760 93.77027711
0.39999769 91.79627631
0.39999791 90.68219256
0.39999812 89.78198990
0.39999854 89.32828641
0.39999868 88.37582571
0.39999879 87.76053682
0.39999891 87.24941166
0.39999892 87.13914210
0.39999893 87.02889622
0.39999896 86.93830503
0.39999899 86.86059300
0.39999902 86.79176547
0.39999905 86.72957268
0.39999907 86.67281044
0.39999909 86.62063830
0.39999911 86.57244585
0.39999913 86.52780786
0.39999914 86.48638295
0.39999916 86.44784791
0.39999917 86.41190085
0.39999918 86.37827999
0.39999919 86.34675434
0.39999920 86.31709363
0.39999921 86.28905832
0.39999922 86.26246045
0.39999923 86.23716732
0.39999924 86.21307502
0.39999925 86.19009350
0.39999925 86.16814104
0.39999926 86.14714365
0.39999926 86.12703544
0.39999927 86.10775674
0.39999927 86.08925078
0.39999928 86.07146147
0.39999928 86.05433325
0.39999929 86.03781192
0.39999929 86.02184664
0.39999930 86.00639290
0.39999930 85.99141550
0.39999930 85.97688891
0.39999931 85.96279019
0.39999931 85.94908478
0.39999931 85.93572348
0.39999931 85.92265585
0.39999932 85.90983772
0.39999932 85.89723195
0.39999932 85.88480864
0.39999932 85.87254462
0.39999933 85.86042234
0.39999933 85.84842863
0.39999933 85.83655355
0.39999933 85.82478926
0.39999933 85.81312931
0.39999934 85.80156815
0.39999934 85.79010114
